<?xml version="1.0"?>
<opencv_storage>
<intrinsic-camera1 type_id="opencv-matrix">
  <rows>3</rows>
  <cols>3</cols>
  <dt>d</dt>
  <data>
    2.2765869369746746e+01 0. 3.3174527267484251e+02 0.
    2.2765869369746746e+01 2.3869525858276660e+02 0. 0. 1.</data></intrinsic-camera1>
<intrinsic-camera2 type_id="opencv-matrix">
  <rows>3</rows>
  <cols>3</cols>
  <dt>d</dt>
  <data>
    2.2765869369746746e+01 0. 3.3174527267484245e+02 0.
    2.2765869369746746e+01 2.3869525858277035e+02 0. 0. 1.</data></intrinsic-camera2>
<distortion-camera1 type_id="opencv-matrix">
  <rows>1</rows>
  <cols>5</cols>
  <dt>d</dt>
  <data>
    -2.8968829480892238e-03 1.8020468354251354e-07 0. 0.
    2.1366781342065450e-09</data></distortion-camera1>
<distortion-camera2 type_id="opencv-matrix">
  <rows>1</rows>
  <cols>5</cols>
  <dt>d</dt>
  <data>
    -2.8968829480892238e-03 1.8020468354251354e-07 0. 0.
    2.1366781342065450e-09</data></distortion-camera2>
<rotation type_id="opencv-matrix">
  <rows>3</rows>
  <cols>3</cols>
  <dt>d</dt>
  <data>
    9.9697298696565062e-01 -6.4547413276555082e-02
    -4.3341604724495643e-02 -3.9958499814560178e-02
    5.2812505862996698e-02 -9.9780466901946330e-01
    6.6694689094099674e-02 9.9651616678495314e-01 5.0073423917931181e-02</data></rotation>
<translation type_id="opencv-matrix">
  <rows>3</rows>
  <cols>1</cols>
  <dt>d</dt>
  <data>
    4.7374270294603853e+01 -9.3827956434683806e+00
    1.5525659212882914e+01</data></translation>
</opencv_storage>
